id	label	x	y	cluster	weight<Links>	weight<Total link strength>	weight<Occurrences>	score<Avg. pub. year>	score<Avg. citations>	score<Avg. norm. citations>
1	account	0.4394	0.4669	3	131	228	13	2021.7692	13.3846	0.7793
2	accurate classification	0.0963	-0.4173	4	114	185	10	2022.7	9.4	1.1181
3	accurate identification	-0.256	0.0959	1	175	338	20	2021.65	20.5	1.0354
4	acquisition	0.5763	0.3779	3	178	370	25	2019.56	25.6	1.2232
5	adam optimizer	-0.7227	-0.2222	1	122	219	15	2022.3333	18.6	1.4697
6	adoption	0.0576	0.8527	3	161	314	21	2022.1429	19.3333	0.8886
7	agricultural application	-0.3285	0.346	3	171	356	26	2022.3077	15.1154	1.1318
8	agricultural output	-0.5668	0.1682	1	117	193	14	2023.0714	2.7143	0.5237
9	agricultural technology	-0.3817	0.3784	3	111	169	11	2022.4545	12.6364	0.5104
10	agricultural yield	-0.5125	0.3425	1	164	252	20	2022.15	9.25	0.8542
11	agriculture field	-0.4902	-0.6387	1	149	243	18	2021.2222	20.3333	1.3648
12	agriculture industry	-0.622	0.2877	1	75	137	12	2021.5833	21.75	1.0572
13	agriculture sector	-0.5656	-0.1032	1	255	487	39	2021.359	28.4359	1.0227
14	ailment	-0.7459	-0.2828	1	135	211	16	2022.25	4.8125	1.2391
15	alexnet	-0.998	-0.2273	1	360	1408	89	2021.9775	11.7978	0.7565
16	alternaria solani	0.3008	-0.5158	4	77	167	11	2022	5.3636	0.2888
17	animal	0.3549	0.1442	3	163	387	31	2021.5161	16.3548	0.8037
18	ann	0.6126	-0.4275	2	279	1158	66	2020.6212	15.9242	0.8079
19	annotation	-0.5685	0.4525	1	229	524	42	2022.0476	34.6667	1.3338
20	anthracnose	0.1553	-0.6056	6	229	744	36	2022.0556	13.8056	0.8378
21	app	-0.3617	0.4533	3	133	467	34	2021.7647	11.8235	1.1894
22	apple disease	-0.9635	-0.1361	1	113	222	15	2020.3333	30.8	1.0864
23	apple leaf disease	-0.8201	0.3027	1	107	287	26	2021.8077	5.8077	0.4556
24	apple tree	0.9012	-0.2479	5	89	184	12	2022	9.4167	0.6048
25	art method	-0.6858	0.0105	1	171	356	27	2022.3333	27.1852	1.6992
26	art model	-0.7951	-0.2258	1	185	359	27	2022.0741	21.5926	1.2552
27	art technique	-0.9307	-0.0166	1	99	158	11	2021.7273	13.9091	0.6566
28	artificial neural network	0.5519	-0.3215	2	366	1046	73	2019.4384	14.589	0.8274
29	asian country	-0.3496	-0.5507	1	151	278	16	2021.9375	18	1.1805
30	assessment	0.3986	0.3731	3	415	1558	88	2021.4205	19.3523	1.0468
31	attention mechanism	-0.892	0.3651	1	241	663	49	2022.7551	18.0612	1.3394
32	attention module	-1.1398	0.2908	1	172	540	35	2022.8286	11.2571	0.9835
33	auc	-0.1439	-0.1288	1	150	242	15	2022.2	9.2	0.6612
34	augmentation	-0.8673	-0.3537	1	160	453	30	2022.3	10.1	1.0803
35	augmented dataset	-0.8279	-0.2737	1	136	216	15	2021.8667	9.7333	1.2892
36	automated detection	-0.7525	-0.3548	1	149	251	19	2022	15.5263	0.4448
37	automated system	-0.5491	-0.5292	1	113	206	16	2022.0625	3.625	0.4499
38	automatic disease detection	0.0901	-0.2134	1	128	254	16	2021.375	11.875	0.9753
39	automatic system	-0.5721	-0.6389	1	82	134	11	2021.6364	11.7273	0.7595
40	available dataset	-0.6528	0.239	1	227	416	31	2022.4839	7.3226	0.8899
41	backbone	-0.2515	0.2154	1	264	726	50	2022.28	14.98	1.1308
42	background noise	-0.4755	-0.3188	1	108	166	12	2022.5833	9.1667	0.9908
43	bacterial blight	-0.4014	-0.3768	1	192	358	28	2021.3929	9.75	0.6221
44	bacterial leaf blight	-0.6579	-0.8178	1	131	260	17	2021.8824	21.2353	1.7117
45	bacterial spot	-0.0816	-0.1863	2	112	217	14	2021.7143	23.4286	0.9275
46	banana	0.1103	-0.4897	2	106	208	12	2021.5833	30.75	1.075
47	band	1.4027	-0.2623	2	291	1958	78	2020.9487	18.2564	0.9872
48	bangladesh	-0.593	-0.3991	1	120	317	27	2021.0741	7.8519	0.6089
49	basal stem rot	1.1911	-0.7043	2	87	334	15	2020.4667	17.1333	0.8731
50	benchmark dataset	-0.3196	-0.2428	1	138	246	16	2022.25	10.125	0.8982
51	best accuracy	-0.8419	-0.5007	1	126	229	14	2022.1429	10.5714	0.9288
52	best model	-0.0837	0.0708	1	102	169	11	2021.8182	34.2727	1.2707
53	best performance	0.0803	-0.3819	6	182	341	20	2021.3	61.8	1.3555
54	best result	-0.2033	-0.4124	1	137	221	12	2021.5	17.9167	1.3288
55	better performance	0.1653	-0.7502	6	251	787	35	2021.5143	14.6286	0.9775
56	better result	-0.7478	-0.3695	1	178	330	26	2021.4615	11.3077	0.5898
57	big data	0.1231	0.6908	3	113	216	13	2021.4615	19.7692	0.7922
58	binary classification	-0.8953	-0.3787	1	76	153	11	2022.5455	17.1818	0.8461
59	biotic stress	-0.4029	-0.1367	1	99	316	19	2021.7368	26.1053	0.8404
60	black rot	-0.3457	-0.0797	1	161	314	22	2021.5	22.7273	1.3186
61	black spot	0.0856	0.1764	5	135	290	19	2020.8947	16.7368	1.2237
62	blight	0.0783	-0.1975	1	383	1301	83	2021.9639	16.2048	1.129
63	bounding box	-0.6584	0.6784	1	77	238	18	2021.7778	12.8333	0.4475
64	bpnn	1.1411	-0.998	6	111	574	15	2020.6	7.8667	0.7776
65	branch	-0.3011	0.3233	5	171	379	23	2021.7826	12.3478	0.7704
66	brown spot	-0.6471	-0.6156	1	238	624	41	2021.5366	12	0.7843
67	bsr	1.2026	-0.7903	2	82	346	14	2019.8571	24.4286	1.3607
68	camera	0.547	0.193	4	408	1654	104	2021.3077	19.3077	0.8632
69	canker	0.2479	-0.0351	5	142	405	24	2021.9167	16.375	1.442
70	canopy	1.1059	0.1099	5	187	864	47	2020.8298	14.2766	0.7513
71	capsnet	-1.0777	-0.1124	1	93	394	21	2022.619	2.7143	0.8371
72	capsule network	-0.9214	-0.0994	1	112	482	30	2022.4667	3.9667	0.5984
73	cassava	-0.2844	0.4278	4	119	230	21	2021.7143	21.9524	0.448
74	cassava plant	-0.0805	0.4997	4	49	180	12	2021.8333	19.8333	0.8432
75	cbam	-1.0614	0.2666	1	114	253	16	2022.75	6.5625	0.5843
76	cbsd	0.2084	0.6733	4	29	125	10	2021.1	39	0.9348
77	challenging task	-0.8346	-0.2061	1	193	367	23	2022.087	14.6522	1.373
78	change	0.4977	0.0399	2	491	2117	127	2021.3937	13.2205	0.9104
79	channel	-0.3071	0.0074	1	212	546	32	2022.2188	13.5625	0.6784
80	chapter	0.1686	-0.2006	3	58	197	15	2020.3333	10.7333	0.192
81	characterization	0.1588	0.2247	3	128	235	17	2020.8824	22.8824	1.1139
82	china	0.2008	0.1849	1	131	262	16	2021.875	7.9375	0.8984
83	chlorophyll	1.5282	-0.1403	2	96	224	11	2020.7273	11.8182	0.5703
84	chlorophyll content	1.4267	-1.0115	6	74	632	15	2020.9333	9.9333	0.3893
85	citrus	-0.1165	0.2988	5	129	270	18	2021.2778	41.1667	2.0592
86	citrus canker	-0.1382	0.6698	5	51	146	11	2021.0909	8.8182	0.1133
87	citrus disease	-0.2337	0.4666	5	103	370	24	2021.625	21.2083	1.083
88	citrus fruit	-0.0361	0.3752	5	82	245	21	2021.8571	27.619	0.9495
89	citrus plant	0.3528	0.5989	5	75	248	14	2021.3571	48.0714	1.0296
90	class imbalance	-0.519	0.7859	5	58	155	13	2021.4615	37.0769	1.7634
91	classification algorithm	0.621	-0.3951	2	198	436	24	2021.5833	12.2917	0.5014
92	classification method	0.551	-0.2726	2	281	833	50	2020.4	34.66	0.9255
93	classification model	0.1594	-0.5994	6	434	2074	99	2021.7778	11.9596	0.9737
94	classification performance	-0.2453	-0.5349	1	258	683	38	2021.1053	27.0263	1.4514
95	classification result	0.5707	-0.3314	2	207	459	27	2021.1481	17.6667	1.0339
96	climatic condition	-0.0821	-0.0316	3	131	175	14	2020.8571	11.7143	0.5814
97	cloud	-0.2708	0.1732	3	125	527	31	2021.871	14.6452	1.952
98	clustering	0.1892	-0.5836	4	223	541	35	2021.2286	8.7143	0.8301
99	cnn algorithm	-0.0378	-0.1441	3	69	143	10	2021.7	11	0.647
100	cnn architecture	-0.935	-0.2391	1	292	871	59	2022.0678	17.2034	0.8116
101	cnn model	-0.541	-0.2313	1	521	2504	181	2022.221	12.674	1.3236
102	color feature	-0.38	-0.6963	1	115	201	14	2020.9286	30.2143	1.418
103	colour	-0.2001	-0.6826	1	91	182	14	2022.7857	8.9286	0.4543
104	common rust	-0.5558	-0.2773	1	67	87	10	2022	11.7	0.7517
105	communication	0.1342	0.5415	3	125	201	14	2021	13.4286	1.0572
106	complex background	-0.6749	0.3298	1	213	567	39	2022.5385	11.641	0.9716
107	comprehensive review	-0.1247	0.6213	3	142	251	19	2021.7895	78.5789	2.1858
108	computational complexity	-0.8756	0.1299	1	156	309	21	2022.619	14.8095	1.3917
109	computational efficiency	-0.6823	0.5878	1	58	136	10	2022.5	4.9	0.2834
110	computer vision technology	-0.5073	0.4114	1	143	273	18	2022.2778	30.8889	1.5971
111	concentration	1.3551	-0.1444	2	129	405	21	2021.3333	7.2857	0.6416
112	confusion matrix	-0.9857	-0.0941	1	106	190	12	2022.6667	4.3333	1.3233
113	consumer	-0.3263	0.1335	3	150	262	18	2022.0556	11.7778	0.9209
114	convolution	-0.8734	0.1583	1	229	708	55	2022.5273	16.8545	0.8561
115	convolution neural network	-0.4551	-0.4264	1	264	648	55	2021.5818	13.6545	0.7736
116	convolutional layer	-0.837	-0.0436	1	139	325	21	2021.0952	13.5238	0.7064
117	convolutional neural network model	-1.0769	-0.0007	1	212	486	35	2021.9143	35.8857	1.0116
118	copy	-0.0486	0.2072	3	136	231	13	2021.8462	25.2308	1.3037
119	correlation	0.4913	-0.143	2	249	534	29	2020.931	14.5862	0.5881
120	cotton	0.0638	-0.156	2	211	668	41	2021.7805	12.0244	0.941
121	cotton crop	-0.3689	-0.2765	1	53	105	10	2022.6	3.9	0.6888
122	cotton leaf disease	-0.3547	-0.3186	1	83	174	16	2020.5625	16.8125	0.6505
123	cotton plant	0.0624	-0.2933	2	81	180	13	2021.8462	9.4615	0.9995
124	crop leaf disease	-0.7828	0.4875	1	61	149	11	2021.8182	5.6364	0.8354
125	crop management	0.1986	0.6076	3	158	356	22	2022.2727	72.5	1.9201
126	crop monitoring	0.0385	0.6875	3	141	272	19	2022.6842	8.4211	0.4761
127	crop pest	-0.2257	0.521	3	93	209	16	2022.25	28.5	2.3075
128	crop species	-0.4607	0.0111	1	78	121	12	2020.4167	158.25	2.6167
129	crown rot	1.6767	-0.006	4	59	224	11	2021.3636	10.4545	0.4406
130	crr	1.1275	-0.3985	2	19	231	11	2020	31	0.9467
131	cultivar	0.9661	0.4028	4	170	898	41	2021.5854	23.8049	0.897
132	current state	-0.2991	0.5126	3	77	119	11	2021.2727	12.2727	1.9384
133	current trend	0.2633	1.2419	3	71	263	12	2023.0833	19.3333	0.8035
134	data acquisition	-0.0261	0.6702	3	142	278	19	2021.3158	35.8421	1.464
135	data augmentation	-0.659	0.2221	1	364	1157	83	2021.6145	23.1205	0.9133
136	data augmentation technique	-0.7097	0.1421	1	174	356	23	2021.913	28.0435	1.4856
137	data collection	-0.133	0.4735	3	184	358	19	2022.0526	9.9474	0.786
138	date	0.8979	0.2268	2	191	340	15	2021.4	18.2667	1.1993
139	day	0.7335	-0.0345	4	366	1517	81	2021.4074	15.5926	1.2303
140	dcnn	-0.9237	-0.3238	1	216	698	42	2021.7619	19.5476	1.3293
141	dcnn model	-0.9897	-0.5198	1	67	235	16	2022.0625	15.5625	1.7869
142	decision making	0.2914	0.5958	3	208	443	25	2022	8.36	0.79
143	decision tree	0.4466	-0.5087	2	207	463	27	2021.4444	9.7778	0.4604
144	decline	0.6172	0.0083	4	205	616	28	2022.25	15.6429	0.823
145	deep convolution neural network	-0.9191	-0.1161	1	105	159	11	2022.1818	9	0.5306
146	deep convolutional neural network	-0.7087	-0.1322	1	402	1217	97	2021.5361	37.8454	1.3303
147	deep convolutional neural networks	-1.1456	0.0161	1	110	185	14	2021.4286	30	1.4659
148	deep feature	-0.6763	-0.5431	1	183	411	29	2022.3793	12.7241	1.4875
149	deep learning architecture	-0.6556	-0.1126	1	185	356	25	2022.12	12.68	0.9649
150	deep learning technology	-0.7003	0.4434	1	145	249	21	2022	35.1905	1.7538
151	deep transfer learning	-0.8235	-0.2858	1	132	266	20	2022.8	16.85	1.0717
152	defect	-0.4142	0.2583	1	100	270	25	2022.48	5.56	0.8682
153	degree	0.4415	-0.2623	4	221	586	32	2021.6562	8.7812	0.4093
154	densenet	-0.9352	0.0265	1	250	765	49	2022.3673	21.898	1.909
155	densenet121	-1.0296	-0.25	1	151	410	27	2023	5.1852	1.0149
156	densenet201	-0.9513	-0.2723	1	133	329	18	2023	4.2222	1.0795
157	depth	-0.8704	0.2671	1	100	185	12	2020.6667	23	0.6956
158	detection performance	-0.1378	0.1137	1	222	537	33	2021.7879	14.5455	0.601
159	detection speed	-0.6502	0.4473	1	116	221	16	2022.1875	25.875	1.5385
160	detector	-0.4552	0.3182	1	280	939	73	2021.5342	42.8082	1.1035
161	determination	0.6996	0.2602	4	170	427	27	2020.9259	17.8148	0.9724
162	developed model	-0.5157	-0.4482	1	134	205	17	2021.3529	15.1765	0.9724
163	developed system	0.1183	0.0709	3	76	117	10	2019.9	10.6	0.5232
164	diagnosing plant disease	0.0809	0.2809	4	149	240	16	2021.125	10.875	0.5398
165	difference	0.9563	0.0298	2	333	1114	60	2020.8833	22.1833	0.9531
166	differentiation	1.0842	-0.1325	2	117	256	14	2019.9286	17.2143	0.9932
167	difficult task	-0.3786	-0.2306	1	96	127	12	2022.4167	6.25	0.6219
168	digital camera	0.1166	-0.5302	1	142	210	14	2019.5714	22.1429	0.7653
169	digital image processing	-0.1911	0.3081	3	138	239	23	2021.7391	27.2609	1.503
170	dimension	0.2773	-0.7911	6	183	568	27	2021.2222	7.1111	0.6511
171	dimensionality	-0.3108	-0.1351	1	133	218	17	2021.9412	3.3529	0.4808
172	dimensionality reduction	-0.1082	-0.2946	1	96	157	13	2020.3077	5.7692	0.5076
173	direction	-0.1481	0.5756	3	259	664	43	2021.7209	30.3256	1.5137
174	disadvantage	0.0204	0.6932	3	108	186	13	2021.7692	47.6923	2.5949
175	discrimination	1.1378	0.1578	2	165	457	21	2018.7143	37.7619	1.33
176	disease attack	-0.4199	0.917	3	84	223	13	2022.1538	13.5385	1.1822
177	disease class	-0.5445	0.2314	1	181	329	22	2021.8636	19.5	1.1049
178	disease development	1.299	-0.166	2	154	365	17	2018.9412	31.7647	1.3912
179	disease image	-0.4814	-0.0729	1	267	650	40	2021.725	19.025	0.8067
180	disease incidence	1.2786	0.1746	4	138	398	16	2020.25	15.125	0.5068
181	disease severity	0.8979	-0.0293	4	274	1103	52	2021.5577	12.6731	1.0006
182	disease stage	0.6806	-0.307	2	110	267	15	2021.2	21.6667	0.6939
183	diseased area	0.289	-0.1977	4	121	307	18	2020.6111	24.7778	1.1114
184	diseased region	-0.4185	-0.4922	1	118	162	13	2021.5385	9.5385	0.2521
185	distinct class	-0.6989	-0.2687	1	100	125	11	2021.9091	109.8182	2.6354
186	distribution	0.6869	0.3881	4	284	864	51	2019.6863	25.0784	0.9074
187	diversity	-0.4723	0.4626	3	223	420	28	2021.8214	34.1429	1.5701
188	dl model	-0.5312	0.3866	3	196	475	32	2022.5312	18.0312	1.0608
189	dnn	-0.7775	-0.8086	1	84	233	19	2021.4737	8.3684	0.4569
190	dnn model	-0.56	-0.9203	1	31	70	12	2021.5833	6.0833	0.3017
191	domain expert	0.1786	0.0896	4	46	87	10	2022.7	6.3	1.6468
192	downy mildew	0.5911	-0.1622	2	182	424	26	2021.6154	14.8846	0.8579
193	drone	0.2364	0.4237	3	260	864	61	2022.2951	7.4918	1.0872
194	drought	1.6142	0.3109	2	92	294	11	2022.0909	10.5455	0.5265
195	e nose	1.3072	-0.4237	2	49	209	13	2018.8462	7.7692	1.5338
196	earlier stage	-0.5128	-0.3729	1	95	138	13	2022	10.4615	0.7901
197	early blight	-0.2704	-0.2605	1	205	473	29	2022	14.5517	1.7041
198	early identification	0.0167	-0.5408	6	171	414	26	2021.3077	35.3077	1.5578
199	economic growth	-0.2089	0.1346	3	127	207	13	2022.0769	5.3077	1.2036
200	edge	-0.0437	-0.4423	1	201	400	26	2021.5	16.6923	0.6669
201	edge device	-0.6409	-0.0975	1	101	154	11	2021.8182	5.2727	0.2327
202	effective method	0.1954	-0.4007	5	157	247	16	2021.875	17.6875	1.1671
203	efficient method	-0.0672	0.2978	5	76	121	10	2021.3	27.7	2.2851
204	efficientnet	-0.589	-0.1355	1	246	644	44	2022.6136	12.5	1.0193
205	electronic nose	1.2133	-0.4705	2	82	322	20	2018.55	14.15	0.5991
206	emergence	0.3007	0.762	3	147	348	21	2022.1429	9.0476	0.5659
207	energy	-0.1755	-0.0762	3	134	221	17	2021.8235	8.4706	0.6703
208	ensemble	-0.7304	-0.3195	1	247	722	49	2022.2653	12.3469	1.3169
209	ensemble learning	-0.6328	-0.2291	1	80	154	13	2021.8462	4.3846	0.438
210	ensemble model	-0.904	-0.3378	1	153	383	29	2022.3103	11.8966	1.0981
211	entropy	-0.1913	-0.505	1	146	272	18	2021.2222	17.3333	1.4454
212	environmental condition	-0.1896	0.5776	3	156	431	25	2021.32	16.68	1.0543
213	environmental factor	-0.007	0.1022	2	140	282	22	2022.1364	7.9545	0.914
214	epoch	-0.547	-0.2065	1	201	454	33	2021.7576	15.0606	0.9188
215	error rate	-0.6504	-0.4353	1	90	174	15	2022.0667	4.4667	0.4789
216	esca	0.8164	0.1649	2	64	147	10	2020	27.5	0.8234
217	estimation	0.3845	0.1706	3	373	1564	86	2021.686	12.4884	1.3111
218	existence	-0.0244	0.5471	3	126	228	14	2021.2143	14.2857	0.7301
219	experimental analysis	-0.8389	-0.5893	1	123	190	14	2021.5	17.8571	0.6791
220	experimental finding	-0.9349	0.0643	1	158	275	18	2022.5	12.6667	0.7564
221	experimentation	-0.634	0.0874	1	130	197	14	2022.6429	12.9286	1.0793
222	expert knowledge	-0.3868	0.1393	1	138	195	13	2022.3846	19.2308	1.7995
223	f measure	-0.198	-0.4384	1	122	189	15	2022.0667	6.3333	0.5164
224	f score	-0.534	-0.4743	1	111	194	13	2021.9231	21.3846	1.3403
225	false positive	-0.3073	0.8958	5	73	181	12	2018.75	97	1.3051
226	farmers	0.019	0.0742	3	92	176	13	2021	16.2308	1.2964
227	farming	-0.2581	0.4794	3	287	745	53	2020.8491	21.1698	1.039
228	faster r cnn	-0.6044	0.4501	1	108	209	16	2021.125	61.1875	1.4098
229	faster rcnn	-0.7542	0.6079	1	113	244	15	2022.5333	13.8	1.1405
230	feasibility	0.3982	-0.1617	4	311	796	43	2021.3256	46.1163	1.136
231	feature extraction technique	-0.1548	-0.4679	3	86	203	19	2022.3684	13.2632	1.9885
232	feature fusion	-0.439	0.1213	1	141	338	23	2022.7391	12.8261	1.6245
233	feature map	-0.8246	0.2708	1	139	418	28	2021.2143	21.4643	1.1458
234	feature selection	0.1482	-0.5821	1	279	733	44	2021.9773	13.9091	1.2353
235	feature vector	0.1204	-0.4311	2	125	306	20	2019.65	29.05	0.737
236	fertilizer	0.311	0.5197	3	157	278	20	2021.7	14.65	0.8763
237	fhb	1.2809	-0.0386	4	71	379	15	2022.3333	16.6667	0.9272
238	field condition	0.6403	0.0439	2	280	906	51	2021.3922	21.7451	1.1135
239	field image	-0.444	0.3282	1	166	348	24	2021.625	34.7083	1.3611
240	filter	-0.237	-0.5761	1	245	601	45	2021.6889	12.7111	1.1362
241	financial loss	-0.2968	0.1877	5	182	343	22	2021.9091	23.9091	1.3389
242	fine tuning	-0.8623	-0.1997	1	190	490	26	2022.3846	8.0385	0.815
243	fire blight	0.8168	-1.0469	4	10	209	11	2020	2	0.0611
244	first stage	-0.7573	-0.2558	1	127	254	15	2022.4	8.8667	0.9454
245	first time	0.3505	0.6684	3	75	125	10	2022.1	3.4	0.5052
246	flower	0.6774	0.0074	4	125	448	28	2022.1071	5.9286	0.3086
247	foliar disease	0.4183	0.0049	2	182	379	22	2020.7273	17.4091	0.66
248	frame	-0.1947	0.385	1	132	299	20	2021.1	31.15	1.083
249	fungal disease	0.5513	-0.1728	2	281	766	43	2020.3023	26.0698	0.7301
250	fungi	0.3435	0.7377	3	244	764	42	2021.1667	5.5	0.8151
251	fungicide	0.9511	-0.2046	2	164	556	27	2020.7037	18.7778	0.6722
252	fungus	0.5122	-0.4476	2	221	500	32	2019.8438	18.4375	1.0246
253	further research	-0.0923	0.372	3	89	124	13	2022.3077	4	0.6583
254	fusarium	1.204	-0.5763	2	120	568	19	2019.2632	22.8421	0.6408
255	fusarium wilt	0.897	-0.6364	2	111	415	15	2021.6667	14.2667	0.45
256	future	-0.1027	0.5919	3	198	349	21	2021.5238	18.2381	0.9085
257	future research	-0.1777	0.8461	3	215	485	29	2022.3103	21.5517	1.3547
258	future trend	-0.0476	0.9891	3	84	160	10	2022	44.1	2.6595
259	gan	-0.6888	0.3408	1	139	322	25	2022.12	18.84	1.2587
260	gans	-0.5909	0.6238	1	89	422	26	2021.9615	16.6538	1.2171
261	generalization	-0.2566	0.4475	3	133	230	16	2022.75	6.5	1.2597
262	generative adversarial network	-0.647	0.3008	1	173	440	33	2022.303	22.5152	1.3928
263	genetic algorithm	0.3518	-0.5586	2	171	327	20	2020.5	18.55	0.8471
264	glcm	-0.2074	-0.6707	1	167	313	23	2022.087	6.1304	0.3708
265	globe	-0.5342	-0.1658	1	122	193	18	2021.2778	15.5	0.8336
266	good performance	0.2255	-0.0685	7	132	262	13	2021.6923	20.3846	1.0499
267	googlenet	-0.6177	-0.1378	1	233	577	36	2022.0556	14.75	1.0035
268	gradient	0.1666	-0.4061	4	191	425	26	2022.3846	10.2308	0.9217
269	grape leaf disease	-0.5961	0.0996	1	93	322	25	2021.16	27.4	1.2139
270	grape leafe	-0.3146	-0.2758	1	95	195	15	2022.2667	9.3333	1.6189
271	grape plant	-0.2929	-0.2369	1	68	147	10	2021.5	23.4	1.413
272	grapevine	0.8418	0.1187	2	146	411	24	2021.5833	15.9583	1.0232
273	gray level co occurrence matrix	-0.2306	-0.5848	1	149	242	18	2021.2778	4.2222	0.1235
274	gray mold	0.518	-1.0033	6	61	292	12	2021.0833	20.1667	0.9296
275	great potential	0.8012	-0.2579	2	167	304	17	2021.1176	29.5882	1.0227
276	great significance	0.0621	-0.2447	6	126	239	14	2021.7857	8.4286	0.5038
277	greenhouse	0.8159	0.1348	4	218	716	44	2019.9091	20.0227	0.5231
278	ground	0.7029	0.5253	3	186	466	22	2020.0455	29.1364	1.1023
279	group	0.6974	0.3034	7	333	1113	64	2021.5469	20.6562	1.1129
280	grower	0.5058	0.2341	5	233	553	30	2021.4333	20.4	0.9732
281	half	0.0897	-0.1693	4	147	305	15	2021.2	20.1333	0.8093
282	handcrafted feature	-0.4456	-0.0416	1	67	125	12	2021.4167	51.4167	2.0301
283	health status	0.5612	0.1684	2	205	417	25	2022.04	8.4	0.4778
284	healthy	-0.5898	-0.2548	1	119	192	15	2022.3333	13.6667	2.737
285	healthy plant	0.31	-0.2913	4	271	609	34	2021.3824	109.1765	1.8792
286	histogram	-0.099	-0.5824	1	180	426	30	2020.8667	14.0333	0.727
287	hlb	0.6	0.5965	5	83	357	25	2020.92	15.56	0.7446
288	hsi	1.3657	-0.0731	4	125	582	26	2022.3462	7.0385	0.4101
289	http	-0.2255	0.2914	3	205	391	31	2021.871	14.9032	0.9933
290	huanglongbing	0.4994	0.5758	5	97	206	14	2020.5714	20.4286	1.0142
291	huge amount	-0.1924	-0.0818	1	83	118	11	2020.5455	9.7273	0.2916
292	huge loss	-0.4732	-0.4858	1	108	159	15	2020.6667	20.8	1.0241
293	human being	0.2308	-0.1442	3	66	88	10	2019.8	17.6	0.8353
294	human error	-0.6077	-0.0605	1	113	168	10	2022.6	12.4	1.4553
295	human expert	0.1601	0.1534	3	100	146	13	2019.3846	26.0769	1.1351
296	human eye	-0.5493	-0.4077	1	70	92	10	2020.7	9.7	0.4741
297	human health	0.5318	0.1811	4	104	159	11	2020.9091	8.1818	1.5382
298	humidity	0.4865	-0.3648	4	158	410	25	2021.48	6.32	0.6451
299	hundred	0.5393	0.3914	4	114	224	12	2021	20.4167	0.8062
300	hybrid model	-0.6975	-0.04	1	176	548	42	2022	14.8571	0.9507
301	hyperparameter	-0.394	-0.3742	1	231	624	46	2021.9565	18.6087	1.0162
302	hyperspectral	1.5196	-0.2087	6	160	469	15	2021.1333	20.8	1.0523
303	hyperspectral camera	1.4247	-0.0282	2	111	275	12	2021.8333	11.0833	0.6116
304	hyperspectral data	1.3523	0.0266	2	185	534	27	2021.9259	11.2593	0.7479
305	hyperspectral image	1.1912	-0.5438	6	268	1205	47	2020.617	18.617	0.879
306	hyperspectral imaging	1.1826	-0.0516	2	346	1535	72	2021.2083	19.5833	0.9552
307	hyperspectral imaging technology	1.3704	-0.5185	6	108	259	12	2022.3333	7.6667	1.1027
308	hyperspectral sensor	1.0506	0.588	2	96	268	12	2020.9167	67.4167	1.998
309	i e	0.415	0.1922	4	145	226	14	2020.4286	19.8571	0.6372
310	idea	-0.1939	0.5911	3	114	211	19	2020.4737	25.5789	1.2766
311	identification accuracy	-0.2336	-0.248	1	189	407	22	2021.8182	14.8636	1.1474
312	iii	0.8416	0.3571	2	121	234	12	2020.5833	44.6667	2.5588
313	image acquisition	0.0428	-0.3435	2	156	280	21	2020.9048	16.9048	0.8306
314	image analysis	0.5292	0.3985	3	223	458	34	2020.7941	39.7059	1.6951
315	image augmentation	-0.6336	0.5744	1	84	175	11	2022.8182	21.5455	1.9288
316	image feature	0.3938	-0.8695	6	187	705	25	2021.32	8.72	1.0768
317	image processing method	0.1132	-0.2167	4	129	182	16	2020.375	12.3125	0.8513
318	imagenet	-0.9556	0.095	1	88	157	11	2021.3636	80.5455	2.6872
319	imagery	1.0244	0.0943	2	331	1779	79	2021.4557	16.5949	1.0611
320	imaging	0.8747	0.4103	4	279	1106	65	2020.6308	28.1846	0.8484
321	important crop	-0.2242	0.2847	1	103	160	10	2022.6	14.6	1.5482
322	important feature	-0.1997	-0.6628	1	104	176	13	2022.1538	13.2308	1.3882
323	inception	-0.9112	-0.0892	1	194	484	32	2022.3125	16.875	1.0576
324	inception v3	-1.203	-0.0743	1	145	421	26	2022.5	12.6154	1.1057
325	inceptionresnetv2	-1.1016	-0.2689	1	116	227	13	2022.5385	16.1538	1.7687
326	inceptionv3	-1.1115	-0.2621	1	276	806	53	2022.3396	15.4906	1.0538
327	indian economy	-0.4516	-0.4136	1	123	177	16	2020.9375	12.3125	0.4905
328	indonesia	-0.1099	0.157	4	92	178	15	2020.7333	6.4	0.2141
329	infected area	-0.1856	0.4638	5	107	168	11	2020.3636	22.4545	0.6524
330	infected leafe	0.5964	-0.472	2	183	403	24	2020.1667	20.3333	1.277
331	infected plant	0.9286	0.0718	2	234	604	29	2020.6552	23.8966	0.7327
332	infection	0.6368	-0.1425	4	578	4468	266	2021.3947	17.4211	0.982
333	information technology	0.0797	0.9004	3	90	187	12	2020.1667	13.5833	0.3076
334	inoculation	1.437	0.0316	4	198	868	38	2020.5526	23.7368	1.0729
335	input data	0.6464	-0.2614	2	113	192	11	2021.1818	35.1818	1.4786
336	insect pest	-0.689	0.5542	1	166	434	37	2021.6216	21.1892	1.547
337	instance segmentation	-0.7759	0.3774	1	87	167	11	2021.7273	22.1818	1.3571
338	interaction	0.7701	0.5938	3	233	713	36	2021.25	22.8333	0.6471
339	interest	0.2749	-0.3382	6	394	1220	71	2021.1831	16.7324	0.9493
340	internet	-0.3989	0.5208	3	360	1426	92	2021.7935	13.337	0.9618
341	intersection	-0.466	0.0335	1	227	516	29	2022.7241	8.2069	0.6904
342	iot	-0.4465	0.4352	3	346	1921	125	2022.216	14.032	1.1684
343	iot device	-1.0587	-0.0022	3	76	225	12	2022.25	5.75	1.2195
344	iou	-0.6073	0.2541	1	159	359	22	2022	13	0.8022
345	irrigation	0.9581	0.6364	2	151	512	23	2021.913	10.8696	0.6955
346	k nearest neighbor	0.5166	-0.6163	2	162	340	20	2021.15	14.1	1.0616
347	kappa	1.0925	0.1782	4	93	284	12	2022.0833	18.0833	1.0316
348	knn	0.5458	-0.5722	2	273	776	46	2021.8696	11.1304	0.7716
349	lab	0.3562	-0.2063	4	122	227	15	2021.8	8.5333	0.7299
350	laboratory	0.331	-0.1146	2	225	555	33	2021.4242	26.1212	1.1502
351	laboratory condition	0.3851	-0.3374	2	98	246	12	2021.5	28.0833	1.1888
352	large area	0.2985	0.1562	2	124	187	13	2020.8462	37.3077	1.1502
353	large farm	0.2141	-0.1983	4	99	157	10	2020.8	19.6	1.0662
354	large field	-0.1733	-0.0146	1	74	103	10	2020.9	11	1.3683
355	late blight	-0.1377	-0.1536	1	270	784	50	2021.9	15.6	1.3345
356	layer	-0.801	-0.1843	1	498	3042	216	2022.1528	11.625	1.0952
357	lda	1.1554	-1.0314	6	121	621	18	2019.7778	9.1667	0.3204
358	leaf blast	-0.0854	-0.6423	5	127	301	16	2022.5	7.0625	0.5438
359	leaf disease classification	-0.8849	-0.0655	1	182	392	30	2022.8333	3.7	0.4538
360	leaf rust	0.8847	-0.5294	4	99	484	17	2020.5294	13.2353	0.6684
361	leaf smut	-0.5407	-0.8666	1	84	156	12	2021.8333	13.4167	0.6629
362	learning rate	-0.8491	-0.4554	1	113	266	14	2022.6429	10.7143	0.5305
363	level	0.4913	-0.0539	2	585	3585	206	2021.1068	18.6408	0.9382
364	life	0.2987	0.0253	4	260	630	47	2021.9362	5.0426	0.4546
365	light	0.149	0.3712	3	247	565	30	2020.4333	29.2667	1.2997
366	line	0.5786	0.124	4	140	397	24	2021.7917	10.4583	0.5933
367	linear discriminant analysis	1.2552	-1.036	6	122	571	16	2019.75	12.9375	0.4221
368	local binary pattern	-0.3753	-0.4613	1	116	171	14	2022.6429	12.3571	0.4105
369	location	0.4216	0.2689	4	285	914	54	2020.6667	34.2593	1.6314
370	logistic regression	0.3556	-0.4844	2	254	571	32	2022.2188	10.5625	0.7243
371	long short term memory	-0.8241	-0.3927	1	139	259	16	2022.3125	6.125	0.6038
372	loss function	-0.5705	0.1064	1	243	533	41	2022.4634	10.7073	1.0841
373	low cost	0.1584	0.3979	3	231	518	28	2021.3571	36.4643	1.3186
374	lstm	-0.8763	-0.4657	1	172	539	33	2022.4848	8.0909	0.5104
375	machine learning algorithm	0.4271	-0.0748	3	308	688	46	2021.6957	19.9783	1.3421
376	machine learning approach	0.2702	0.1213	3	188	368	25	2021.92	7.44	1.1195
377	machine learning classifier	0.4659	-0.2396	4	168	310	18	2021.2778	33.8333	1.5612
378	machine learning method	0.4185	0.1354	4	210	430	29	2020	24.8276	1.0244
379	machine learning technique	-0.0287	0.1484	5	90	157	13	2020.1538	15.2308	0.5828
380	machine vision	0.4869	0.1074	2	150	302	16	2019	50.0625	1.4061
381	main challenge	-0.1771	0.9366	3	84	143	10	2021.8	19.8	0.9587
382	maize crop	-0.1992	0.6495	3	95	242	14	2023.2857	4.8571	0.862
383	maize leaf disease	-0.4455	-0.2726	1	88	178	14	2020.8571	21.2857	3.4859
384	maize plant	-0.6913	0.0471	1	78	120	11	2022.3636	8.0909	0.5559
385	major cause	-0.4774	0.0526	1	112	174	12	2022.25	5.9167	0.3672
386	major disease	0.456	-0.3669	2	100	155	10	2020.4	18.2	0.5965
387	major role	0.0175	-0.0099	3	80	101	10	2021.8	5.9	0.2982
388	management	0.234	0.4156	3	588	3307	207	2021.8792	32.0048	1.4035
389	mango	-0.539	-0.3065	1	91	249	26	2022.1154	7.6538	0.3738
390	manuscript	-0.711	0.2402	1	157	348	21	2021.4286	46.4286	1.8084
391	mask rcnn	0.8313	-0.0578	4	53	212	12	2021.4167	17.75	0.7586
392	maximum accuracy	0.1766	-0.6185	1	124	228	14	2022.5	4.5	1.0327
393	mean	0.3659	0.0729	4	319	825	52	2020.5192	19.3269	0.7412
394	mean average precision	-0.2918	0.3897	1	197	454	35	2022.4286	12.7714	0.9148
395	measurement	0.9503	-0.0034	4	283	1119	63	2020.8095	21.619	0.7381
396	medicinal plant	-0.2413	-0.7294	4	91	344	25	2022.4	2.6	0.3381
397	memory	-0.6867	-0.0207	1	191	363	24	2021.5833	13.2083	0.5192
398	million	-0.8433	-0.3049	1	103	148	13	2021.3077	23.7692	0.8517
399	miou	-0.4758	0.1178	1	94	175	12	2022.75	5	0.601
400	mlp	0.6837	-0.6559	2	144	409	26	2019.0769	22.0385	3.9391
401	mobile app	-0.3163	0.0405	3	118	245	15	2021.2	29.3333	0.9522
402	mobile device	-0.9546	0.1882	1	165	346	25	2021.48	53.16	1.7805
403	mobilenet	-1.0659	-0.1394	1	262	918	55	2022.4182	21.2727	0.9362
404	mobilenet v2	-1.3354	0.0988	1	107	428	22	2023	0.7273	0.4539
405	mobilenetv2	-0.9556	-0.2197	1	281	1079	65	2022.7538	9.7077	1.0081
406	mobilenetv3	-1.0054	0.0874	1	122	208	13	2023.0769	10.2308	1.0272
407	model performance	-0.1172	0.0363	6	248	558	27	2021.8519	16.3333	1.1912
408	model size	-0.9144	0.2092	1	126	240	19	2022.6316	13.5789	0.9757
409	model training	-0.6899	0.4545	1	177	301	18	2022.1111	14.1667	1.1087
410	modern agriculture	-0.3094	0.6383	3	114	190	12	2022.6667	8.4167	1.1905
411	module	-0.9492	0.3026	1	365	1709	120	2022.2583	12.2667	0.8295
412	money	-0.2627	-0.2937	1	74	103	10	2022.8	2.1	0.2464
413	mosaic virus	-0.1707	-0.0111	1	103	232	21	2021.7143	4.0476	0.3621
414	multilayer perceptron	1.0677	-0.4864	2	136	283	14	2018.7143	38.2143	0.8001
415	multiple disease	-0.2768	-0.11	1	167	325	24	2021.375	36.2083	1.507
416	multispectral image	1.2928	0.0944	4	115	376	16	2021.5625	23.375	1.2083
417	multispectral imagery	1.5058	0.2276	2	116	370	15	2020.8	26.5333	1.3797
418	naive bayes	0.7237	-0.5304	2	149	321	17	2021.6471	12.4706	1.1374
419	ndvi	1.3963	0.269	2	131	337	14	2020.0714	29.0714	1.0631
420	negative impact	-0.2858	0.5948	5	113	201	13	2021	34.1538	1.1001
421	nematode	1.4157	0.4568	2	127	546	15	2022.0667	10.2	0.7031
422	new dataset	-0.6123	0.0451	1	109	160	13	2022	21.6923	1.1102
423	new method	0.7746	-0.4169	6	154	314	19	2021.2632	9.2632	0.6656
424	new technology	-0.2321	0.2001	3	101	188	11	2020.8182	15.2727	0.4253
425	next	-0.5758	-0.6305	1	142	230	17	2021.8824	13.7647	1.0771
426	nir	1.4567	-0.0801	2	195	720	33	2021.697	22.8485	1.0312
427	nitrogen deficiency	1.0723	0.3361	2	57	231	11	2022.0909	9.1818	0.4033
428	nlb	-0.6298	0.3376	1	59	134	10	2022.3	11.1	0.2708
429	novel framework	-0.2259	-0.3493	1	97	156	11	2022.0909	19.1818	2.7782
430	novelty	-0.1719	-0.1192	1	119	186	13	2020.7692	16.5385	0.8771
431	nuru	0.1935	0.6336	4	17	108	11	2020	15.5455	0.4747
432	nutrient deficiency	0.0458	-0.094	2	122	231	15	2021.3333	26	0.8497
433	nutritional deficiency	0.1763	-0.0031	3	85	128	11	2021.8182	26	1.4374
434	occurrence	0.4347	0.2624	2	310	950	49	2021.7347	20.3469	1.3923
435	oil palm	1.4279	-0.7503	2	77	316	12	2020.4167	22.1667	0.968
436	oil palm tree	1.0702	-0.7187	2	56	305	15	2021.1333	16.6	0.7599
437	oilseed rape	1.4008	-0.4788	2	61	275	12	2017.9167	26.25	0.4581
438	olive tree	0.6578	0.3492	4	98	233	13	2021.6154	17.6923	0.8347
439	opportunity	0.0659	0.5329	3	281	574	38	2021.3947	45.5263	2.1205
440	optimal wavelength	1.5329	-0.5301	2	67	261	11	2018.6364	16	0.3129
441	optimization algorithm	-0.4106	-0.3682	1	246	701	57	2022.4737	13	1.0206
442	optimizer	-0.7309	-0.1221	1	244	605	48	2022.5	10.7917	0.8008
443	orchard	0.8643	0.1706	5	152	363	19	2020.9474	28.4211	1.1677
444	original dataset	-0.9252	-0.2949	1	80	114	10	2022.5	5.2	0.6035
445	original image	-0.2137	-0.5117	1	119	219	14	2021	46.2857	1.7643
446	outbreak	0.9095	0.4362	4	216	665	33	2020.2424	11.4545	0.6443
447	overall accuracy	0.8032	-0.2367	2	334	1198	64	2021.1875	25.0156	1.2395
448	overall classification accuracy	0.652	-0.403	4	146	267	11	2020.5455	17	1.178
449	overfitting problem	-1.0208	-0.1492	1	93	162	12	2022.25	10.3333	1.3889
450	overview	0.2639	0.6872	3	216	525	34	2020.7647	37.5	1.9468
451	paddy	-0.9214	-0.6879	1	67	169	10	2021.8	9.8	0.4365
452	paddy crop	-0.9171	-0.5665	1	54	219	15	2023.0667	4	0.934
453	pakistan	-0.2022	-0.3026	1	128	269	17	2021.8235	21.8824	1.1164
454	particle swarm optimization	-0.4494	-0.6342	1	140	315	22	2021.5455	22.7727	1.2799
455	pathogen	0.6329	0.3796	3	439	2220	131	2021.6031	11.9924	0.6506
456	pathologist	-0.1074	0.0863	1	213	472	36	2022.2778	8.1111	0.7331
457	pca	0.8912	-0.6987	2	181	507	26	2020.3846	12.6923	0.876
458	pepper	0.0401	-0.5306	2	139	281	18	2022.1111	11.5	0.8183
459	percent	-0.0524	-0.2525	4	190	471	29	2021.8621	8	0.5346
460	performance analysis	-0.8544	-0.3136	1	140	242	17	2022.7059	6.9412	1.1783
461	performance evaluation	-0.9509	-0.4333	1	87	151	11	2021.7273	34.2727	2.0335
462	performance metric	-0.5825	-0.4225	1	236	474	31	2022.3226	22.8387	1.1382
463	period	1.05	-0.3069	2	254	861	42	2021.1429	12.1667	0.6154
464	person	-0.4916	-0.2927	1	270	647	50	2021.9	10.14	0.9325
465	perspective	0.6132	0.3717	3	143	259	18	2021.7222	9.2222	0.938
466	pest detection	-0.4614	0.5991	3	210	752	53	2021.7547	27	2.3356
467	phenotyping	0.6924	0.6981	3	243	866	55	2020.9273	38.6	1.0823
468	phytopathology	-0.2161	0.3936	3	89	177	13	2020.8462	33.1538	0.9324
469	pivotal role	-0.2003	0.5818	3	99	143	10	2023.1	6.8	0.9123
470	pixel	0.4413	-0.2906	2	330	986	53	2020.9057	26.1321	1.0788
471	plant disease classification	-0.6663	-0.1564	1	278	611	50	2021.94	25.36	1.1231
472	plant disease image	-0.7128	0.1312	1	94	130	12	2022.3333	9.5	0.8596
473	plant disease prediction	-0.3949	-0.5826	1	90	158	14	2022.1429	3.7143	0.815
474	plant disease recognition	-0.6114	0.2383	1	173	366	34	2022.0294	21.2941	1.1858
475	plant diseases detection	-0.6166	0.1392	1	127	311	25	2020.48	8.04	0.3049
476	plant growth	0.1667	0.0167	2	250	523	30	2022.1	4.6333	0.4452
477	plant health	0.5244	0.1395	2	257	618	34	2022.3235	10	0.5557
478	plant illness	-0.5494	-0.2361	1	106	178	13	2022.9231	2.5385	0.6921
479	plant infection	0.1365	0.1561	4	79	139	11	2022.3636	2.7273	0.6469
480	plant leaf	-0.6082	-0.5199	1	197	465	35	2021.8286	13.2	0.9023
481	plant leaf disease classification	-0.6591	-0.0379	1	133	243	18	2022.6667	5.3889	0.4941
482	plant leaf disease detection	-0.556	-0.3001	1	296	763	76	2021.7368	13.4737	0.9259
483	plant pathogen	0.1478	0.6669	3	205	487	29	2022.1379	8.8276	1.0575
484	plant pathology	-0.2418	0.3834	3	194	404	27	2022.4444	8.6667	1.0034
485	plant pest	-0.4197	0.5502	3	175	393	23	2021.6087	9.1739	0.8023
486	plant phenotyping	0.3941	0.8445	3	161	480	28	2020.7143	54.5714	1.6026
487	plant protection	0.5446	0.7396	7	113	220	14	2020.2857	57.8571	1.6406
488	plant stress	0.6725	0.2112	2	162	412	22	2020.6364	21.3636	0.8327
489	plant village	-1.0707	0.0732	1	135	277	19	2022.1579	13	1.3805
490	plant village dataset	-0.8214	-0.1169	1	235	515	43	2022.2791	12.4651	1.2442
491	plantation	0.7923	-0.3951	2	206	509	32	2019.9375	16.0312	0.6041
492	plantvillage	-0.5737	0.1856	1	232	480	40	2022.45	10.225	2.508
493	plantvillage dataset	-0.7868	0.0378	1	373	1127	84	2022.2143	13.1905	0.9212
494	platform	0.3013	0.3067	3	454	2023	126	2021.6746	17.3571	1.2639
495	popularity	-0.8097	-0.2528	1	99	159	13	2021.4615	16.0769	1.0754
496	potato crop	0.7193	-0.1834	4	96	232	14	2022.8571	6.8571	1.3086
497	potato leaf disease	-0.9164	-0.2748	1	99	210	15	2022.4	10.5333	0.775
498	potato leafe	-0.9168	-0.2002	1	88	213	14	2022.4286	13.7143	3.3117
499	potato plant	0.2427	-0.2443	4	141	351	27	2021	23.3704	0.8282
500	potential	0.481	0.4019	3	440	1635	91	2021.989	14.7473	1.1436
501	powdery mildew	0.3654	-0.2543	2	220	491	34	2020.8235	19.6176	0.699
502	practical application	-0.5544	0.4464	1	139	201	16	2022.25	31.9375	4.0399
503	practitioner	-0.2844	0.6847	3	96	188	18	2022.9444	6.2222	1.4537
504	pre	-0.866	-0.1751	1	508	2867	198	2022.0808	23.7222	1.5518
505	precise detection	-0.8129	0.0199	1	111	195	13	2023.0769	2.2308	1.7906
506	precision agriculture	-0.0131	0.5766	3	438	1927	132	2021.8864	16.5227	1.3775
507	precision farming	0.0107	0.8513	3	130	259	15	2021.6667	25.3333	1.7331
508	prediction accuracy	0.7335	0.1121	4	158	375	23	2021.7391	14.8696	1.2756
509	prediction model	0.9742	0.1242	4	175	517	29	2022.2069	7.3103	0.6431
510	presence	0.5475	0.2397	4	334	954	62	2021.0161	17.7258	0.7777
511	pretrained model	-0.469	-0.1264	1	88	245	16	2022.5	3.5625	0.6665
512	previous research	0.4183	0.3591	2	108	168	10	2022.7	5.3	5.0633
513	previous study	1.2135	-0.0663	2	124	254	11	2021.3636	30.5455	1.0142
514	previous work	-0.0453	0.7992	5	124	259	15	2020.8667	33.9333	1.1482
515	primary source	-0.3244	-0.1945	3	82	110	10	2022.1	23.3	1.2856
516	principal component analysis	0.8232	-0.831	6	216	639	29	2020.4138	12.931	0.884
517	profit	-0.643	-0.2733	1	115	184	15	2020.9333	14.4	0.7885
518	program	0.4692	0.111	4	172	327	24	2019.1667	65.125	1.1602
519	progress	0.2267	0.452	3	226	453	35	2020.4	32.6857	1.1809
520	property	0.7179	-0.3545	2	244	700	40	2020.225	21.175	0.545
521	proposed model	-0.7944	-0.0767	1	258	586	43	2022.3023	6.3023	0.7076
522	prospect	0.2318	0.71	3	171	326	22	2021.5	31.6364	1.437
523	prototype	0.1093	-0.2669	3	95	148	13	2020.3846	6.6154	0.3275
524	pso	-0.2886	-0.5932	1	111	210	15	2021.7333	16.4667	1.0718
525	public dataset	-0.884	0.1987	1	175	415	34	2022.0588	70.8529	2.7277
526	pwd	1.7263	0.0399	2	48	319	12	2022.8333	4.3333	0.5906
527	quantification	0.962	0.3718	2	219	578	36	2021.4167	33.9444	0.9093
528	r cnn	-0.7475	0.216	1	114	238	22	2021.9545	6.8182	0.4109
529	radial basis function	0.7533	-0.5913	2	117	238	12	2017.75	32.5833	1.1253
530	random forest	0.5176	-0.5141	2	362	1192	64	2021.7656	13.7344	0.8052
531	random forest classifier	0.1248	-0.6507	2	110	209	16	2021.8125	19.1875	1.0377
532	range	0.6425	-0.0906	2	480	2039	108	2021.4167	20.1944	1.1388
533	rapid	0.7028	-0.2717	2	110	186	10	2021.5	18.2	0.8554
534	rapid detection	0.455	0.0969	2	142	254	15	2020.6667	11	0.794
535	rapid development	-0.4073	0.6932	3	91	146	10	2021	33.8	1.2838
536	raspberry pi	-0.9849	0.1883	1	137	544	33	2021.5455	20.4242	1.1168
537	rbf	0.8461	-0.6739	2	100	242	13	2017	29.8462	0.9117
538	real time detection	-0.4829	0.4266	1	230	485	37	2021.3243	30.7568	1.2571
539	real world	-0.9389	0.3832	1	81	135	10	2022.2	24.4	1.519
540	recent advance	0.1435	0.4247	3	179	325	22	2021.1364	88.0909	2.0794
541	recent advancement	-0.241	0.5011	3	134	212	17	2022.2353	7.1765	1.1599
542	recent research	-0.1419	0.5425	3	113	190	12	2022.0833	18.25	2.5536
543	recent study	0.3563	0.3729	4	100	161	10	2021.2	39.8	1.8316
544	recent time	-0.7749	-0.1891	1	111	172	13	2021.3846	3.3846	0.3912
545	recognition accuracy	-0.7423	0.2563	1	252	674	47	2022.1702	15.8085	1.0172
546	recommendation	0.2311	0.498	3	166	314	22	2021.2727	63.5909	2.7047
547	recurrent neural network	-0.3749	-0.4259	1	145	321	22	2021.9545	7.2273	0.5745
548	reference	0.0304	0.2609	1	191	403	25	2022.2	13.4	0.7096
549	reflectance	1.5933	-0.0176	2	161	615	24	2019.0833	31.3333	0.816
550	relationship	0.2249	0.369	2	249	549	30	2022.2	10.3333	0.8299
551	relevant feature	-0.5385	-0.0174	1	150	277	18	2021.5556	21.3889	1.1797
552	reliability	0.0379	0.5689	3	173	376	25	2021.76	12.6	0.7831
553	remedy	-0.373	-0.2749	1	102	160	15	2021.2	13.6667	1.1209
554	remote sensing	0.9916	0.2306	2	315	1203	57	2021.3158	16.807	1.0446
555	research community	-0.9162	-0.1772	1	80	115	11	2022.3636	10.6364	0.6298
556	research gap	-0.076	0.4037	3	121	188	12	2022.1667	37.5	2.7008
557	residual network	-0.9263	0.2037	1	181	450	28	2021.7857	27.6071	0.726
558	resistance	0.6927	0.4678	4	238	768	42	2021.7143	19.0714	0.9783
559	resnet	-0.792	-0.0013	1	438	2051	126	2022.254	18.627	1.1197
560	resnet101	-0.5342	-0.5354	1	109	208	11	2022.7273	9.4545	0.9635
561	resnet152v2	-0.8392	-0.1911	1	85	173	11	2022.7273	4	1.4072
562	resnet50	-1.027	-0.0569	1	323	991	68	2022.4706	9.4118	0.7273
563	resnet50 model	-1.3047	0.0902	1	78	255	13	2022.5385	11.6154	1.0577
564	resolution	0.4695	-0.0834	2	364	1467	80	2021.2375	29.9625	0.9936
565	response	1.1666	0.2402	2	309	1394	70	2021.0857	16.1	0.8192
566	review	0.0892	0.7223	3	400	2383	181	2021.7624	39.9503	2.0827
567	rgb	0.7352	-0.1891	4	242	622	33	2021.3636	18.6061	1.2968
568	rgb image	0.2983	-0.5682	4	200	423	26	2021.3077	19.1538	1.3195
569	rice crop	-0.0617	-0.6397	1	101	228	16	2021.8125	5.875	0.4784
570	rice disease	-0.5547	-0.7309	1	201	833	53	2022.1698	25.1132	1.582
571	rice leaf disease	-0.7883	-0.4736	1	136	393	25	2022.44	14.48	1.5012
572	rice leafe	-0.305	-0.8951	6	102	239	14	2022	3.6429	0.2538
573	rice plant	-0.1306	-0.8016	1	248	776	47	2020.4468	20.3191	1.0748
574	rice plant disease	-0.7281	-0.6089	1	154	582	41	2021.3415	30.0244	1.4293
575	risk	0.4578	0.5096	4	281	1103	55	2019.7273	23.2545	1.251
576	rkn	1.7453	0.4646	2	26	450	10	2022	5	0.4387
577	rmse	1.2271	-0.2588	2	86	295	15	2018.6	24.4	0.5889
578	rnn	-0.4782	-0.5018	1	126	319	22	2022.1818	9.2273	0.7343
579	roi	-0.1266	-0.8457	6	146	338	20	2021.3	10.75	0.7322
580	root	0.5234	-0.0846	4	205	500	34	2022.2353	11.0882	0.5022
581	rose	0.7048	0.0567	4	49	330	18	2021.1111	7.1111	0.1421
582	rotation	-0.445	0.348	1	144	268	15	2021.6667	11.0667	0.8123
583	rust	0.3159	0.1729	2	302	1081	56	2020.875	30.2857	0.8709
584	safety	-0.2508	0.328	3	195	365	29	2021.3103	35.1034	1.9241
585	sample	0.4572	0.1287	5	539	3538	210	2021.5524	12.0476	0.7633
586	sampling	0.9129	0.0785	2	209	423	23	2020.3043	22.1304	1.0767
587	satellite	1.1271	0.4565	2	149	347	14	2021.2143	28.4286	1.3551
588	scab	-0.2443	0.3027	5	171	370	29	2020.8621	14.8966	0.8505
589	scale	0.4059	0.4725	3	449	1786	109	2021.4037	32.211	1.068
590	scratch	-0.8696	0.1437	1	139	275	19	2022.1053	30.9474	1.5989
591	season	0.7855	-0.0221	2	211	492	21	2021.381	16.8095	1.3087
592	second	-0.3122	0.2261	1	183	357	24	2022.4583	4.0833	0.3183
593	second stage	-0.8332	-0.1797	1	120	225	13	2022.5385	10.3846	1.3633
594	sector	-0.3345	0.1739	3	397	1110	102	2021.8922	8.1176	0.6915
595	seed	0.7848	-0.231	2	168	556	37	2021.3243	22.4595	0.5242
596	seedling	1.0657	-0.104	2	147	799	37	2021	19.1081	0.5785
597	segment	-0.2295	-0.4611	1	256	649	47	2021.4894	11.1064	0.855
598	segmented image	-0.4555	-0.5416	1	191	370	23	2021.6522	19.5652	1.0489
599	selection	0.6041	-0.2138	2	306	945	56	2021.0179	32.8214	1.3679
600	semantic segmentation	-0.5103	0.2393	1	167	359	23	2021.7826	23.8261	1.6441
601	sensor	0.7544	0.251	3	436	2774	173	2021.0231	22.9075	1.1945
602	sentinel	1.4276	0.1173	2	93	382	16	2021.375	11.625	0.5003
603	series	0.4518	0.3089	2	215	506	31	2021.6452	11.8065	0.6499
604	service	-0.2808	0.3401	3	253	678	38	2021.8158	17.3947	2.1612
605	set	0.0945	-0.3148	6	537	2671	164	2020.872	31.5366	1.3089
606	severity	0.9246	-0.1498	2	354	1881	94	2021.6915	21.1596	0.9876
607	severity level	0.6974	-0.3594	2	199	480	25	2022.12	10.56	1.0165
608	shape feature	0.1257	-0.7165	1	97	199	11	2020.8182	5.2727	0.2344
609	shortcoming	-0.0517	0.4194	5	114	180	13	2021.4615	38.6923	1.3499
610	significant challenge	-0.8238	0.1965	1	114	168	10	2023.3	6.4	0.9367
611	significant economic loss	-0.2111	0.3535	3	93	140	12	2021.5833	12.6667	0.8717
612	significant impact	0.0272	0.1809	1	172	315	20	2022.15	13.5	1.3535
613	significant improvement	-0.3382	0.3452	1	135	226	16	2022	18.75	0.887
614	similar symptom	0.7501	0.2116	2	82	234	13	2020.6154	27.6923	0.8586
615	similarity	-0.5286	0.1572	1	181	348	24	2022.2083	14.2917	1.5222
616	simple novel image detection technique	1.3756	1.204	7	5	45	10	2022	0	0
617	simulation	-0.0666	-0.529	1	157	279	16	2021.6875	11.9375	0.8552
618	simulation result	-0.7237	-0.4868	1	112	190	11	2022.4545	13.1818	1.0124
619	single leaf	-0.2568	-0.1698	1	72	134	10	2021.2	24.2	1.3154
620	site	0.6695	-0.2563	4	238	647	33	2019.9394	28.2121	0.8731
621	small dataset	-0.9112	0.1786	1	131	307	20	2021.25	31	1.2981
622	smart farming	-0.4478	0.4899	3	182	546	36	2021.8889	14.8889	1.1205
623	soil	0.4233	0.3913	3	288	897	48	2021.1875	12.5625	0.8067
624	soybean	0.3874	0.7525	3	114	274	14	2021.7143	15.1429	0.9002
625	species	0.1464	-0.06	4	490	2492	181	2021.1657	16.8398	0.8105
626	specificity	-0.4203	-0.4409	1	333	819	58	2021.9138	14.3103	1.0901
627	spectra	1.3528	-0.3274	2	230	1562	71	2018.3944	22.1972	0.6429
628	spectral data	1.3576	-0.2831	2	209	765	31	2021	15.4194	0.8731
629	spectral feature	1.5628	-0.3438	2	185	707	21	2019.5238	36.3333	1.3055
630	spectral reflectance	1.5659	-0.0143	2	127	361	13	2019.9231	34.3846	0.8412
631	spectral signature	1.2644	0.1336	2	143	315	15	2020.8	21.0667	0.8709
632	squeezenet	-1.1445	-0.1866	1	151	329	21	2022	18.8095	0.8103
633	ssd	-0.6668	0.4705	1	99	195	15	2021.4667	58.2	1.0736
634	stage	0.2788	-0.2356	2	679	7037	442	2021.5566	15.7579	0.8968
635	stem	0.5309	0.019	4	171	531	27	2020.7778	18.1481	1.928
636	storage	-0.2579	0.5402	3	127	270	19	2021.8947	9.3158	0.8204
637	strawberry	0.4929	-0.7474	6	153	568	29	2021.1724	16.8276	0.7679
638	strength	-0.6658	0.0983	1	159	269	21	2022.6667	15.0476	1.1188
639	stress	1.0816	0.2614	2	306	1337	65	2021.3231	24.0923	0.7181
640	stress detection	0.7877	0.4285	3	116	289	16	2021.875	10	1.5962
641	stripe rust	0.8254	-0.3718	4	97	503	19	2021.5789	8.6316	0.8103
642	superior performance	-0.8635	0.08	1	202	395	25	2022.76	15.24	0.8937
643	superiority	-0.8745	-0.083	1	149	231	20	2022.6	15	1.0117
644	support vector machine	0.5425	-0.1974	2	514	2240	136	2020.6029	21.3824	0.8671
645	survey	0.007	0.3483	3	319	1240	99	2020.8384	32.6061	1.3386
646	susceptibility	0.7299	0.5587	4	127	303	16	2019.1875	17.375	0.5694
647	sustainability	-0.1983	0.4695	3	187	468	29	2023.0345	6.2414	2.2764
648	svm	0.4997	-0.5743	2	532	3328	180	2021.3111	16.0389	0.8249
649	svm classifier	0.4488	-0.5931	2	105	195	11	2019.7273	14.4545	0.191
650	systematic literature review	0.1699	0.9063	3	78	223	14	2022.6429	3.7143	1.0414
651	systematic review	-0.4228	0.7525	3	96	191	13	2021.9231	40	2.8937
652	target	-0.3806	0.6494	5	188	453	31	2020.7742	40.0645	1.3207
653	target domain	-0.7573	0.4113	1	69	145	11	2021.4545	30.5455	1.014
654	target spot	0.5434	-0.0397	2	102	268	12	2021.4167	29.75	1.8493
655	tea disease	-0.654	0.5929	1	27	233	15	2023.0667	7.2	1.9813
656	temperature	0.6325	-0.1963	4	274	921	52	2021.2885	11.0962	0.9103
657	test dataset	-0.6754	0.1323	1	230	408	30	2021.8667	16	1.138
658	testing accuracy	-0.6398	-0.0405	1	180	381	25	2022.48	9.24	0.7491
659	texture	-0.1214	-0.576	1	319	880	60	2020.9	13.8333	0.674
660	texture feature	-0.2806	-0.5104	1	209	410	34	2021.2353	7.7647	0.3901
661	thing	-0.435	0.5154	3	327	1246	81	2021.8395	14.4444	1.1026
662	thousand	0.0599	-0.0253	4	108	151	10	2021.5	17.7	0.9374
663	threshold	0.4518	0.0455	4	138	339	24	2021.6667	8.8333	0.3323
664	tomato crop	-0.0016	-0.28	2	146	258	19	2021.0526	18.4737	0.9661
665	tomato disease	-0.8586	0.1199	1	237	670	49	2021.6122	40.102	1.157
666	tomato leaf	-0.4666	0.1702	1	90	155	12	2022.4167	8.5	0.8241
667	tomato leaf disease	-0.8637	-0.0553	1	232	620	48	2022.125	13.1875	1.296
668	tomato leaf disease classification	-0.7561	0.3639	3	84	193	15	2022.4667	17.6	1.424
669	tomato leaf disease detection	-0.9425	-0.0257	1	99	196	18	2021.1667	20.3333	1.0025
670	tomato leaf image	-0.7739	-0.3067	1	126	212	15	2021.8	25.7333	1.4837
671	topic	0.0192	0.6047	3	228	585	39	2021.359	28.9744	1.5306
672	traditional machine learning	0.3495	0.3983	3	101	147	11	2022.3636	16.7273	0.8536
673	traditional technique	-0.4505	0.3	3	87	140	10	2022.5	13.5	1.793
674	trainable parameter	-1.1165	-0.2314	1	91	190	11	2023.1818	4.7273	1.9001
675	training accuracy	-0.9717	-0.0167	1	154	292	19	2022.4737	10.7368	0.5572
676	training set	-0.0449	-0.2123	1	160	367	22	2022.1364	26.5	2.4085
677	training time	-0.5877	-0.1035	1	211	547	33	2022.5455	11.9394	0.8377
678	transfer	-0.7274	-0.1911	1	391	1437	97	2021.9072	24.6598	1.1337
679	transfer learning	-0.7606	0.0937	1	523	2900	194	2021.8608	24.6392	1.272
680	transfer learning method	-0.9894	-0.2515	1	82	124	10	2021.3	8.4	0.9052
681	transfer learning model	-0.8762	-0.0426	1	137	308	23	2022.3478	5.4783	0.4811
682	treatment	0.28	0.0072	2	472	2041	123	2021.5447	17.3496	1.0216
683	tree	1.0463	-0.1843	2	348	2471	136	2020.7574	24.3382	0.8063
684	trend	0.1126	0.862	3	217	650	39	2021.9744	23.4359	1.2248
685	trial	1.0463	0.2453	4	169	480	25	2021.04	16.8	0.752
686	turn	-0.3743	0.004	1	153	225	20	2021.05	22.55	0.8744
687	u net	-0.4479	-0.2487	1	148	386	28	2022.9286	10.1786	1.0609
688	uav	0.9813	0.158	2	410	2771	125	2021.448	24.656	1.4665
689	uavs	0.3953	0.8237	3	164	520	27	2021.3333	21.2593	1.0854
690	unet	-0.4718	0.3797	1	101	523	29	2022.7931	8.3448	1.0279
691	union	-0.3994	0.0709	1	245	552	31	2022.4194	10.6774	0.7062
692	unmanned aerial vehicle	0.8781	0.2198	2	393	1636	77	2021.4416	24.5714	1.4887
693	validation accuracy	-0.7778	-0.215	1	216	466	37	2021.7838	19.5405	1.1565
694	validation set	-0.8746	-0.3064	1	70	138	10	2021	28.4	0.9773
695	variable	1.096	-0.056	2	261	768	38	2020.3684	18.7632	0.7816
696	variant	-0.5152	-0.1493	1	131	210	14	2021.7857	6.0714	0.8593
697	vector	0.4611	-0.144	4	187	413	22	2020.7727	8.3636	0.4788
698	vector machine	0.94	-0.9269	6	156	521	21	2020.4286	20.9524	1.0416
699	vegetation	0.8622	0.6247	4	109	222	14	2019.1429	16.6429	0.6178
700	vegetation index	1.2791	0.0782	2	304	1654	73	2021.2603	22.1233	1.1395
701	version	-0.631	0.0486	1	168	279	21	2020.9524	24.9524	1.0416
702	vgg	-0.8353	-0.1389	1	283	1250	82	2022.2683	19.939	1.3139
703	vgg16	-0.8815	-0.2346	1	333	932	57	2021.9123	13.1053	0.8949
704	vgg19	-1.0273	-0.2777	1	234	550	33	2022.5152	4.5152	0.4459
705	vggnet	-0.8891	-0.0347	1	97	243	13	2021	14.2308	0.6511
706	video	-0.0811	-0.0105	4	86	272	19	2020.7895	52.6316	1.6806
707	vine	1.1717	0.2592	2	87	352	14	2022.0714	28.2857	2.574
708	vineyard	0.8585	0.3079	2	159	471	26	2022.2308	12.5385	1.7244
709	viral disease	0.3852	0.3505	4	124	320	22	2021.4545	21.6364	1.0571
710	vis	1.337	0.0278	2	132	319	12	2021.5	22.6667	1.175
711	visible symptom	1.178	-0.1341	4	128	267	17	2020.4706	25.6471	0.7162
712	vision	-0.1394	0.1379	1	569	2748	205	2021.7951	27.9707	1.2155
713	vision transformer	-0.7387	0.2713	1	123	299	23	2023.087	3.6087	2.9723
714	visual inspection	0.3669	0.2579	4	196	361	21	2022.0952	11.6667	1.0011
715	visual observation	-0.0231	-0.346	4	128	192	12	2022.1667	12.3333	0.6188
716	visual symptom	0.6814	0.3315	2	172	438	21	2021.0952	44.8095	1.7854
717	visualization	-0.2977	0.3579	3	161	392	22	2021.3182	22.9545	1.1175
718	vit	-0.7873	0.2483	1	123	356	24	2023.3333	9.4167	1.4355
719	viticulture	0.23	0.1427	2	90	265	16	2022.1875	3.6875	0.5857
720	voc	1.4058	-0.203	6	79	338	24	2020.7083	14	1.0062
721	water	1.0692	0.3605	3	233	789	41	2021.4146	9.4878	0.7298
722	water stress	1.0691	0.5117	3	148	264	12	2021.25	27.5833	0.9439
723	wavelength	1.3254	-0.3075	2	256	1196	56	2020.3571	21.0714	1.0389
724	web	-0.0265	0.4234	3	148	336	19	2022.6842	3.9474	0.4247
725	weed	-0.2331	0.6814	3	249	998	72	2021.5417	31.0833	1.8733
726	week	1.1842	0.2077	2	103	296	13	2021.3846	16.6923	0.475
727	weight	-0.1523	-0.386	6	300	1067	51	2022.1569	23.6078	1.408
728	wheat	0.5207	0.187	4	342	1194	62	2021.6935	17.5806	0.9471
729	wheat plant	1.0226	-0.2231	4	106	333	16	2019.4375	36.625	0.608
730	whitefly	0.08	0.4784	4	67	184	15	2021.1333	10.2	0.3536
731	wild rocket	1.375	0.2801	2	47	178	10	2022.1	8.6	0.4935
732	winter wheat	1.5909	0.2195	2	90	360	12	2018.6667	54.1667	1.4958
733	xception	-1.0444	-0.3295	1	256	838	51	2022.5882	9.7843	0.9301
734	yield prediction	0.3405	1.0318	3	118	314	17	2022.4706	71.0588	1.634
735	yolo	-0.4878	0.5802	1	90	258	22	2022.5909	11.1818	1.8475
